2.73
2.73
2.73
2.73
2.73
2.73
2.73
2.73
2.73
2.73
2.73
2.73
2.73
2.73
2.73
2.73
2.73
2.73
2.73
2.73
2.73
2.73
2.73
2.73
2.73
2.73
2.73
2.73
2.72
2.72
2.72
2.72
2.72
2.71
2.71
2.71
2.71
2.71
2.71
2.71
2.71
2.71
2.71
2.71
2.7
2.7
2.7
2.7
2.7
2.7
2.69
2.69
2.68
2.68
2.68
2.68
2.68
2.68
2.68
2.68
2.68
2.68
2.68
2.67
2.67
2.67
2.67
2.67
2.66
2.66
2.66
2.66
2.66
2.66
2.66
2.66
2.66
2.66
2.66
2.66
2.66
2.66
2.66
2.66
2.66
2.66
2.66
2.66
2.65
2.65
2.65
2.65
2.65
2.65
2.65
2.65
2.65
2.65
2.65
2.65
2.65
2.65
2.65
2.65
2.65
2.65
2.66
2.66
2.66
2.66
2.66
2.66
2.66
2.66
2.66
2.66
2.66
2.66
2.67
2.67
2.67
2.68
2.68
2.68
2.68
2.68
2.68
2.68
2.68
2.68
2.68
2.68
2.69
2.69
2.7
2.7
2.7
2.7
2.7
2.7
2.7
2.7
2.7
2.7
2.69
2.69
2.69
2.69
2.68
2.68
2.68
2.68
2.68
2.68
2.68
2.68
2.68
2.67
2.67
2.67
2.66
2.66
2.66
2.66
2.66
2.66
2.66
2.66
2.66
2.66
2.66
2.66
2.65
2.65
2.65
2.65
2.64
2.64
2.64
2.63
2.63
2.63
2.63
2.63
2.63
2.63
2.63
2.63
2.63
2.62
2.62
2.62
2.62
2.61
2.61
2.61
2.61
2.61
2.61
2.61
2.61
2.61
2.61
2.61
2.61
2.61
2.61
2.61
2.61
2.61
2.61
2.6
2.6
2.6
2.6
2.6
2.6
2.6
2.6
2.6
2.6
2.6
2.6
2.6
2.6
2.6
2.6
2.6
2.6
2.6
2.6
2.6
2.6
2.6
2.61
2.61
2.61
2.61
2.61
2.61
2.61
2.61
2.61
2.61
2.61
2.61
2.62
2.62
2.62
2.62
2.63
2.63
2.63
2.63
2.63
2.63
2.63
2.63
2.63
2.63
2.63
2.63
2.63
2.64
2.64
2.64
2.64
2.64
2.64
2.64
2.64
2.63
2.63
2.63
2.63
2.63
2.63
2.63
2.63
2.64
2.64
2.64
2.64
2.64
2.64
2.64
2.65
2.65
2.66
2.66
2.66
2.66
2.67
2.68
2.68
2.69
2.7
2.71
2.71
2.71
2.72
2.73
2.73
2.74
2.75
2.76
2.76
2.77
2.77
2.78
2.78
2.78
2.78
2.79
2.8
2.8
2.8
2.81
2.81
2.81
2.82
2.82
2.82
2.82
2.82
2.82
2.82
2.82
2.82
2.82
2.82
2.82
2.82
2.82
2.82
2.82
2.82
2.82
2.82
2.81
2.81
2.81
2.81
2.8
2.8
2.8
2.79
2.78
2.78
2.78
2.78
2.78
2.78
2.77
2.77
2.77
2.76
2.76
2.76
2.76
2.76
2.76
2.75
2.75
2.74
2.74
2.73
2.73
2.73
2.73
2.73
2.72
2.72
2.72
2.71
2.71
2.71
2.71
2.71
2.71
2.71
2.71
2.7
2.7
2.7
2.7
2.69
2.69
2.68
2.68
2.68
2.68
2.68
2.68
2.68
2.68
2.67
2.67
2.67
2.67
2.66
2.66
2.66
2.66
2.66
2.66
2.66
2.66
2.66
2.66
2.66
2.66
2.66
2.66
2.66
2.66
2.66
2.66
2.66
2.66
2.66
2.66
2.65
2.65
2.65
2.64
2.64
2.64
2.64
2.64
2.63
2.63
2.63
2.63
2.63
2.63
2.63
2.63
2.63
2.63
2.63
2.63
2.63
2.63
2.63
2.62
2.62
2.62
2.62
2.62
2.62
2.62
2.61
2.61
2.61
2.61
2.61
2.61
2.61
2.61
2.61
2.61
2.61
2.61
2.61
2.61
2.61
2.61
2.61
2.61
2.61
2.61
2.61
2.61
2.61
2.61
2.61
2.61
2.61
2.61
2.61
2.61
2.61
2.61
2.61
2.61
2.61
2.61
2.61
2.61
2.61
2.61
2.61
2.61
2.61
2.61
2.61
2.61
2.61
2.61
2.61
2.61
2.61
2.61
2.61
2.61
2.6
2.6
2.6
2.6
2.6
2.6
2.6
2.6
2.6
2.59
2.59
2.58
2.58
2.58
2.58
2.58
2.58
2.58
2.58
2.58
2.58
2.58
2.58
2.58
2.58
2.58
2.57
2.57
2.57
2.57
2.57
2.57
2.57
2.57
2.57
2.57
2.57
2.57
2.56
2.56
2.56
2.56
2.56
2.56
2.56
2.56
2.56
2.56
2.56
2.56
2.56
2.56
2.56
2.56
2.56
2.56
2.56
2.55
2.55
2.55
2.55
2.55
2.55
2.55
2.55
2.55
2.56
2.56
2.56
2.56
2.56
2.56
2.56
2.56
2.56
2.56
2.57
2.57
2.57
2.57
2.57
2.57
2.57
2.57
2.57
2.57
2.57
2.57
2.57
2.57
2.57
2.57
2.57
2.57
2.57
2.57
2.57
2.57
2.57
2.57
2.57
2.57
2.57
2.57
2.57
2.57
2.57
2.57
2.57
2.56
2.56
2.56
2.56
2.56
2.56
2.56
2.55
2.55
2.55
2.55
2.55
2.54
2.54
2.54
2.54
2.54
2.54
2.54
2.54
2.54
2.54
2.54
2.54
2.54
2.54
2.54
2.53
2.53
2.54
2.54
2.54
2.54
2.54
2.54
2.54
2.54
2.55
2.55
2.56
2.57
2.57
2.57
2.57
2.58
2.58
2.6
2.6
2.61
2.61
2.62
2.63
2.65
2.65
2.67
2.68
2.69
2.71
2.72
2.73
2.74
2.76
2.78
2.79
2.81
2.82
2.83
2.85
2.87
2.88
2.89
2.91
2.92
2.93
2.94
2.96
2.97
2.98
2.99
3.01
3.01
3.02
3.02
3.03
3.04
3.05
3.06
3.07
3.08
3.08
3.08
3.09
3.09
3.09
3.09
3.09
3.1
3.1
3.1
3.1
3.1
3.1
3.1
3.09
3.09
3.09
3.09
3.09
3.08
3.08
3.08
3.08
3.08
3.07
3.07
3.06
3.05
3.04
3.04
3.04
3.03
3.02
3.02
3.02
3.01
3
2.99
2.99
2.98
2.98
2.97
2.97
2.97
2.96
2.95
2.94
2.93
2.93
2.93
2.92
2.92
2.92
2.91
2.9
2.89
2.89
2.88
2.88
2.87
2.87
2.87
2.87
2.86
2.85
2.84
2.84
2.83
2.83
2.83
2.83
2.82
2.82
2.82
2.82
2.82
2.82
2.81
2.81
2.8
2.8
2.79
2.78
2.78
2.78
2.78
2.78
2.77
2.77
2.76
2.76
2.76
2.76
2.76
2.76
2.76
2.76
2.75
2.75
2.74
2.74
2.74
2.74
2.73
2.73
2.73
2.73
2.73
2.73
2.73
2.73
2.72
2.72
2.72
2.72
2.72
2.71
2.71
2.71
2.71
2.71
2.71
2.71
2.71
2.71
2.71
2.71
2.71
2.71
2.71
2.71
2.71
2.71
2.7
2.7
2.7
2.7
2.7
2.69
2.69
2.68
2.68
2.68
2.68
2.68
2.68
2.68
2.68
2.68
2.68
2.68
2.68
2.68
2.68
2.68
2.68
2.68
2.68
2.68
2.68
2.67
2.67
2.67
2.67
2.67
2.67
2.66
2.66
2.66
2.66
2.66
2.66
2.66
2.66
2.66
2.66
2.66
2.66
2.66
2.66
2.66
2.66
2.66
2.66
2.66
2.66
2.66
2.66
2.65
2.65
2.64
2.64
2.64
2.64
2.63
2.63
2.63
2.63
2.63
2.63
2.63
2.63
2.63
2.63
2.63
2.63
2.63
2.62
2.62
2.62
2.62
2.62
2.61
2.61
2.61
2.61
2.61
2.61
2.61
2.61
2.61
2.61
2.61
2.61
2.61
2.61
2.61
2.61
2.61
2.61
2.6
2.6
2.6
2.6
2.6
2.6
2.6
2.6
2.6
2.6
2.6
2.6
2.6
2.6
2.6
2.6
2.6
2.6
2.61
2.61
2.61
2.61
2.61
2.61
2.61
2.61
2.61
2.62
2.62
2.63
2.63
2.63
2.64
2.65
2.66
2.66
2.66
2.67
2.68
2.68
2.69
2.7
2.71
2.71
2.72
2.73
2.75
2.76
2.77
2.78
2.79
2.81
2.82
2.83
2.84
2.86
2.87
2.88
2.9
2.91
2.92
2.93
2.95
2.96
2.97
2.97
2.98
2.99
3.01
3.01
3.02
3.02
3.02
3.03
3.03
3.04
3.04
3.04
3.04
3.04
3.04
3.04
3.04
3.04
3.04
3.04
3.04
3.04
3.04
3.04
3.04
3.03
3.03
3.03
3.02
3.02
3.02
3.02
3.02
3.01
3.01
3
2.99
2.98
2.98
2.98
2.97
2.97
2.97
2.97
2.96
2.95
2.94
2.94
2.93
2.93
2.93
2.92
2.92
2.92
2.92
2.91
2.91
2.9
2.89
2.88
2.88
2.87
2.87
2.87
2.87
2.86
2.86
2.85
2.84
2.84
2.83
2.83
2.83
2.83
2.82
2.82
2.82
2.82
2.82
2.82
2.82
2.81
2.81
2.8
2.8
2.8
2.79
2.78
2.78
2.78
2.78
2.78
2.77
2.77
2.76
2.76
2.76
2.76
2.76
2.76
2.76
2.75
2.75
2.74
2.74
2.74
2.73
2.73
2.73
2.73
2.73
2.73
2.73
2.73
2.73
2.73
2.72
2.72
2.72
2.71
2.71
2.71
2.71
2.71
2.71
2.71
2.71
2.71
2.71
2.71
2.71
2.71
2.71
2.71
2.7
2.7
2.7
2.7
2.7
2.7
2.7
2.7
2.69
2.69
2.69
2.69
2.68
2.68
2.68
2.68
2.68
2.68
2.68
2.68
2.68
2.68
2.67
2.67
2.67
2.67
2.67
2.67
2.66
2.66
2.66
2.66
2.66
2.66
2.66
2.66
2.66
2.66
2.66
2.66
2.66
2.66
2.66
2.66
2.66
2.65
2.65
2.65
2.64
2.64
2.64
2.64
2.63
2.63
2.63
2.63
2.63
2.63
2.63
2.63
2.63
2.63
2.63
2.63
2.63
2.63
2.63
2.62
2.62
2.62
2.61
2.61
2.61
2.61
2.61
2.61
2.61
2.61
2.61
2.61
2.61
2.61
2.61
2.61
2.6
2.6
2.6
2.6
2.6
2.6
2.6
2.6
2.6
2.6
2.6
2.59
2.58
2.58
2.58
2.58
2.58
2.58
2.58
2.58
2.58
2.58
2.58
2.58
2.58
2.58
2.58
2.58
2.57
2.57
2.56
2.55
2.55
2.54
2.54
2.54
2.53
2.53
2.53
2.53
2.53
2.53
2.53
2.52
2.52
2.49
2.46
2.42
2.38
2.35
2.33
2.31
2.28
2.22
2.14
2.05
1.99
1.93
1.89
1.86
1.83
1.8
1.74
1.61
1.44
1.25
1.08
0.93
0.79
0.68
0.59
0.5
0.43
0.37
0.32
0.28
0.24
0.2
0.18
0.15
0.13
0.12
0.1
0.08
0.07
0.06
0.05
0.05
0.04
0.04
0.03
0.02
0.02
0.02
0.01
0.01
0.01
0.01
0.01
0.01
0.01
0.01
0.01
0
0
0
0
0
0
0
0
0
0
0
0
0
0
0
0
0
0
0
0
0
0
0
0
0
0
0
0
0
0
0
0
0
0
0
0
0
0
0
0
0
0
0
0
0
0
0
0
0
0
0
0
0
0
0
0
0
0
0
0
0
0
0
0
0
0
0
0
0
0
0
0
0
0
0
0
0
0
0
0
0
0
0
0
0
0
0
0
0
0
0
0
0
0
0
0
0
0
0
0
0
0
0
0
0
0
0
0
0
0
0
0
0
0
0
0
0
0
0
0
0
0
0
0
0
